
50
(
(-0.333333 0.0010964 0.5)
(-0.333333 0.00331407 0.5)
(-0.333333 0.00558203 0.5)
(-0.333333 0.0079014 0.5)
(-0.333333 0.0102734 0.5)
(-0.333333 0.0126991 0.5)
(-0.333333 0.0151799 0.5)
(-0.333333 0.0177169 0.5)
(-0.333333 0.0203114 0.5)
(-0.333333 0.0229647 0.5)
(-0.333333 0.0256782 0.5)
(-0.333333 0.0284533 0.5)
(-0.333333 0.0312912 0.5)
(-0.333333 0.0341935 0.5)
(-0.333333 0.0371616 0.5)
(-0.333333 0.0401971 0.5)
(-0.333333 0.0433013 0.5)
(-0.333333 0.0464759 0.5)
(-0.333333 0.0497225 0.5)
(-0.333333 0.0530427 0.5)
(-0.333333 0.0564382 0.5)
(-0.333333 0.0599107 0.5)
(-0.333333 0.0634619 0.5)
(-0.333333 0.0670937 0.5)
(-0.333333 0.0708077 0.5)
(-0.333333 0.074606 0.5)
(-0.333333 0.0784904 0.5)
(-0.333333 0.0824629 0.5)
(-0.333333 0.0865255 0.5)
(-0.333333 0.0906802 0.5)
(-0.333333 0.0949291 0.5)
(-0.333333 0.0992743 0.5)
(-0.333333 0.103718 0.5)
(-0.333333 0.108263 0.5)
(-0.333333 0.11291 0.5)
(-0.333333 0.117663 0.5)
(-0.333333 0.122524 0.5)
(-0.333333 0.127495 0.5)
(-0.333333 0.132578 0.5)
(-0.333333 0.137777 0.5)
(-0.333333 0.143094 0.5)
(-0.333333 0.148531 0.5)
(-0.333333 0.154092 0.5)
(-0.333333 0.159778 0.5)
(-0.333333 0.165594 0.5)
(-0.333333 0.171541 0.5)
(-0.333333 0.177624 0.5)
(-0.333333 0.183844 0.5)
(-0.333333 0.190205 0.5)
(-0.333333 0.196711 0.5)
)
