
50
(
0.0033569
0.00354075
0.00342881
0.00334388
0.00327518
0.00321463
0.00315826
0.0031041
0.00305108
0.00299859
0.00294625
0.00289383
0.00284117
0.00278817
0.00273476
0.0026809
0.00262655
0.00257172
0.00251639
0.00246057
0.00240429
0.00234758
0.00229047
0.00223302
0.00217528
0.00211732
0.00205923
0.00200109
0.00194302
0.00188513
0.00182756
0.00177045
0.00171397
0.0016583
0.00160364
0.0015502
0.0014982
0.00144789
0.00139952
0.00135339
0.00130976
0.00126896
0.00123128
0.00119706
0.00116663
0.00114033
0.00111854
0.00110161
0.00108993
0.00108388
)
