
50
(
(0.113421 0 0)
(0.199961 0 0)
(0.245504 0 0)
(0.276059 0 0)
(0.299032 0 0)
(0.317486 0 0)
(0.332955 0 0)
(0.34631 0 0)
(0.35809 0 0)
(0.368651 0 0)
(0.378241 0 0)
(0.387038 0 0)
(0.395173 0 0)
(0.402748 0 0)
(0.409841 0 0)
(0.416515 0 0)
(0.422818 0 0)
(0.428793 0 0)
(0.434471 0 0)
(0.439882 0 0)
(0.445047 0 0)
(0.449985 0 0)
(0.454714 0 0)
(0.459247 0 0)
(0.463594 0 0)
(0.467766 0 0)
(0.47177 0 0)
(0.475612 0 0)
(0.479299 0 0)
(0.482834 0 0)
(0.48622 0 0)
(0.48946 0 0)
(0.492555 0 0)
(0.495506 0 0)
(0.498313 0 0)
(0.500976 0 0)
(0.503493 0 0)
(0.505862 0 0)
(0.508081 0 0)
(0.510148 0 0)
(0.512058 0 0)
(0.513808 0 0)
(0.515394 0 0)
(0.516809 0 0)
(0.518049 0 0)
(0.519106 0 0)
(0.519973 0 0)
(0.52064 0 0)
(0.521097 0 0)
(0.521332 0 0)
)
